53282873369 江建建 13793211378 
53268855765 赵淑芳 15564898767 
53292220670 于宗洋 15588698118 
53267575906 陈健 13864858688 
53262553329 董莉 13361228828 
53268975167 王翠莲 13105197751 
53235375269 单继宏 18660227097 
53216971535 李凤鸣 18661939989 
53251936860 郑玉霞 13963989999 
53215613967 张丹丹 13813955333 
53252267210 赵晓红 13210261395 
53265153250 董超 18766285801 
53229302098 陈玮 15194229699 
53250878895 徐岭 18600973487 
53238017318 赵雅静 13331302428 
53287910355 王俊虹 15030310723 
53251557205 王连香 13331302428 
53215339953 袁洁 13932318831 
53235810332 吕青青 13356870189 
53252636352 翟亮 18931302678
53286879172 孙海瑞 13903139866 
53263867093 崔志阳 13791956677 
53253203562 王干 15254276077 
53266130985 于宛潼 13021679999 
53218033066 路晓均 18476127777 
53230329722 汤先敏 15066273320 
53236220630 路永红 13245322836 
53296582186 姜永超 13789855302 
53212210983 朱能姐 15201153206 
53258797302 赵松松 13589353322 
53239126526 武桂枝 13831333316 
53225733291 陈亮 15003236525 
53283868916 王海军 15631313164 
53223958719 何云 13730315288 
53220232025 刘建平 15932329602 
53280725390 沈玉明 13831356597 
53292190892 沈建军 13831383846 
53275987378 李刚 13903131466 
53228385713 李娜 13400135899 
53283200959 陈爱慧  13833316922 
53232672816 赵志佳 18932732520 
53299979100 杨乐 13506391222 
53283030857 赵军敏 15333310886 
53297718356 孙帅 13153299999 
53285239060 何毓清 13805423021 
53226600856 于源 13963989999 
53288035195 李元梅 13269820712 
53287227915 商丽 13854298886 
53299526599 孙亚文 18600732095 
53237778101 李丹 13021944578 
53283781070 肖红玉 13793207382 
53253322538 曹术兹 15954851201 
53229329886 吴绍亮 13963900652 
53288152217 林义萍 15053275739 
53255885028 张冬生 13011868090 
53265622859 黄克义 13361229282 
53289910730 陈瑞 15194229699 
53261727658 孟霞 13687611577 
53250171589 刘淑珍 13932698758 
53296085731 邵淑伶 13932664112
53221362592 韩淑兰 18660261788 
53220193596 褚喜峰 13583290600 
53262268196 赵扬连 15545155221 
53239160002 袁建春 13100235811 
53259187250 刘永智 15873311652 
53235111206 张艳慧 13801174688 
53215006069 徐艳玲 15092258518 
53286808509 杨虹 13041113152 
53255813750 赵桂珍 15764206110 
53282936799 王正雷 15898867606 
53219377208 孟范伟 15145135553 
53295781552 边春艳 15245603391 
53229857155 刘彦君 13194514319 
53285292823 田一辰 13373266556 
53217663988 赵亚君 15275277332 
53256572161 贺国正 18553235478 
53283710083 肖玉军 13552033254 
53287268667 龚银萍 13503139979 
53263295667 赵春华 13225322390 
53211326177 孙春平 13701372625
53225209006 肖珍玉 1654655254 1604 15 2013-09-26 1604 0
53271569303 管瑞玉 15166662467 9000 12 2013-09-26 9000 0
53278589351 程翟远 13791979603 70 15 2013-09-17 70 70
53236905237 赵丕伟 13589250775 1550 15 2013-09-16 1550 50
53279123993 陈卫平 13964288090 1680 20 2013-09-09 1680 0
53286987336 邢国俊 13373266556 1500 15 2013-09-07 1500 0
53221771330 赵扬有 13606391833 528 15 2013-09-07 528 150
53261370928 赵扬好 13969688302 456 15 2013-09-07 0 0
53256763080 吕百英 13792899621 3000 15 2013-09-04 3000 0
53273635852 陈勇 15901249414 37500 15 2013-09-04 37500 0
53283353218 韩晓燕 15901249414 1500 15 2013-09-04 1500 0
53232196257 赵训磊 13589353322 9000 15 2013-09-03 9000 0
53217002766 付洁 18553235478 48000 15 2013-08-27 48000 0
53255769969 赵化亮 15964925111 3000 15 2013-08-27 1500 0
53297630637 赵宇松 13606391288 4450 15 2013-08-15 4450 0
53265790555 柴敏丽 13801077626 19500 15 2013-08-14 19500 0
53272676018 赵丽青 15953277319 1612 15 2013-08-14 1612 0
53263980799 王玉多 13718566998 31540 15 2013-08-13 31540 40
53273958835 刘杰 13906392036 1860 20 2013-08-12 1860 0
53299956613 黄鑫 13625438886 1573 20 2013-08-12 1573 73
53217239623 赵芹花 15964917303 1275 20 2013-08-05 1275 0
53232888131 徐淑芹 18669806609 1500 20 2013-08-05 1500 0
53279762186 葛培亮 13061363956 1550 20 2013-08-03 1550 0
53256956989 刘红梅 13375586027 1550 20 2013-08-03 1550 50
53286053096 姜奇圣 13869829585 1838 20 2013-08-03 1838 0
53239379118 郑军 13006509506 1504 20 2013-08-03 1504 4
53283980629 韩开德 13335078953 288 20 2013-08-03 288 0
53293037376 范雪梅 13708983337 516 20 2013-07-30 516 0
53232819579 辛桂伦 13165087965 421 20 2013-07-30 421 0
53236913102 王正河 13792852589 3040 20 2013-07-29 3040 0
53289912536 王玮 13969798527 1505 20 2013-07-28 1505 0
53272501725 王君 13687631025 3471 20 2013-07-28 3471 0
53296927609 董平 13697689799 10550 20 2013-07-25 10550 0
53282917156 赵芳 13705422227 76 20 2013-07-25 1515 0
53257153733 孙开芹 18254208669 182 20 2013-07-24 182 0
53217105756 王萍 13869858728 13500 20 2013-07-24 13500 0
53268156007 吕美香 87839576 10000 20 2013-07-22 9000 100
53231520516 赵宇广 13608980679 2570 20 2013-07-17 3212 0
53267552020 赵丕修 13905422281 358 20 2013-07-17 358 0
53261678391 赵扬杰 13506395839 1676 20 2013-07-15 1676 0
53288178176 赵正晖 13589353328 18000 20 2013-07-15 18000 0
53230878837 李宝山 18706425580 3238 20 2013-07-15 3238 0
53276219810 官德萍 15165425545 76 20 2013-07-14 76 0
53273688623 宋恕伟 15666223519 76 20 2013-07-14 76 0
53223037797 侯克强 15376739029 1500 20 2013-07-14 1500 0
53276298731 刘佩英 46545643 167 20 2013-07-14 167 0
53222576178 孙艳 13553239278 906 20 2013-07-14 906 0
53250961132 王蓉 213.123.122 38 20 2013-07-14 38 0
53212556728 徐翠华 18953200569 38 20 2013-07-14 76 0
53273399370 刘敏 18661759211 1150 20 2013-07-14 1170 0
53278917202 黄静静 13021679999 31680 20 2013-07-14 31680 0
53212667760 xxx 15063985703 45 20 2013-07-14 45 0
53258129007 郭成德 13506396169 114 20 2013-07-14 114 0
53218157013 王彩云 13356870027 398 20 2013-07-14 398 0
53290902913 黄克成 13625438686 388 20 2013-07-14 388 0
53252300127 于秀娟 15866835302 1500 20 2013-07-14 1500    0